                             IO  COM_VAR   BD  TSL    L  TSLVL  UC_GRPTYPE      T      R      V  ALLSOW  ALLYEAR       C     COM    COM2   ALL_TS       SL        S       TS       CG  COM_GRP        P     UC_N      ITEM
Instance                                                                                                                                                                                                                  
1p5C_OS_SSP2                2.0      2.0  3.0  4.0  4.0    4.0       10.00  11.00  16.00  37.00    96.0   438.00   668.0   668.0   668.0    10.00    10.00    10.00    10.00  1419.00  1419.00  3715.00   275.00   7164.00
BAU_IND_V2                  2.0      2.0  3.0  4.0  4.0    4.0        9.00   6.00   1.00  72.00    96.0   277.00   760.0   760.0   760.0   305.00   305.00   305.00   305.00  1235.00  1235.00  1528.00  9152.00  13771.00
BEAM-ME_Instances/672_11_8  2.0      2.0  3.0  4.0  4.0    4.0        9.00   8.00  11.00  50.00    96.0   257.00    24.0    24.0    24.0   677.00   677.00   677.00   677.00    31.00    31.00   128.00    14.00   2396.00
BEAM-ME_Instances/672_22_8  2.0      2.0  3.0  4.0  4.0    4.0        9.00   8.00  22.00  48.00    96.0   257.00    24.0    24.0    24.0   677.00   677.00   677.00   677.00    31.00    31.00   150.00    14.00   2418.00
E4SMA                       2.0      2.0  3.0  4.0  4.0    4.0        9.00  13.00  23.00  14.00    96.0   222.00   909.0   909.0   909.0    25.00    25.00    25.00    25.00  1564.00  1564.00  2007.00    96.00   5319.00
GAZNAT_V1_Instance          2.0      2.0  3.0  4.0  4.0    4.0        9.00   6.00   1.00  73.00    96.0   277.00   534.0   534.0   534.0   305.00   305.00   305.00   305.00   711.00   711.00   940.00  9208.00  12726.00
Offshore                    2.0      2.0  3.0  4.0  4.0    4.0        9.00  11.00   3.00  12.00    96.0   222.00     8.0     8.0     8.0  9013.00  9013.00  9013.00  9013.00    17.00    17.00    15.00     2.00  10526.00
POLIZERO_V1_Instance        2.0      2.0  3.0  4.0  4.0    4.0        9.00  10.00  30.00  47.00    96.0   262.00  1142.0  1142.0  1142.0    17.00    17.00    17.00    17.00  2578.00  2578.00  2752.00   212.00   7167.00
POLIZERO_V2_Instance        2.0      2.0  3.0  4.0  4.0    4.0        9.00  10.00  30.00  50.00    96.0   262.00   748.0   748.0   748.0    17.00    17.00    17.00    17.00  2777.00  2777.00  3334.00  1368.00   9110.00
TIMES-DK-Instance           2.0      2.0  3.0  4.0  4.0    4.0        9.00  10.00   2.00  11.00    96.0   232.00   541.0   541.0   541.0    45.00    45.00    45.00    45.00  1284.00  1284.00  1645.00   221.00   4709.00
UK-TIMES                    2.0      2.0  3.0  4.0  4.0    4.0        9.00  13.00   1.00  14.00    96.0   222.00   824.0   824.0   824.0    21.00    21.00    21.00    21.00  2056.00  2056.00  2169.00   464.00   6205.00
mean                        2.0      2.0  3.0  4.0  4.0    4.0        9.09   9.64  12.73  38.91    96.0   266.18   562.0   562.0   562.0  1010.18  1010.18  1010.18  1010.18  1245.73  1245.73  1671.18  1911.45   7410.09
median                      2.0      2.0  3.0  4.0  4.0    4.0        9.00  10.00  11.86  42.96    96.0   259.50   615.0   615.0   615.0   175.00   175.00   175.00   175.00  1264.86  1264.86  1658.09   248.00   7165.50